-1.2584928587796087 -1.582043550087049
-1.9238617099423851 2.999303324486723
-1.5166112072709643 -0.9891119973430245
-1.8775471632035488 2.2928541219629452
-1.2404304403794741 -1.5863749819156574
-0.9854077649912193 -1.3034684109754917
-1.2619080006901633 -1.5808269884963853
-1.769062001087708 0.9206476240838896
-0.8901431243292948 -1.0821616413642632
-1.5888918757958757 -0.6016781518096516
-1.2271947758613 -1.5872913219555973
-1.1974961319955464 -1.581452696080237
-0.808590947316531 -0.8650460119679294
-1.2774969642005072 -1.5730285753881275
-0.5955061456649356 -0.249457870672077
-0.7514875185319306 -0.7035679740525923
-0.8828927668527429 -1.0636952210863069
-0.5712226979957614 -0.17952787779565016
-1.3401533749374432 -1.5088038522193634
-1.1460694755591905 -1.5495387086005108
-0.9179801704286695 -1.1511738106322975
-1.0139215447856262 -1.3605460639848197
-1.2907283294623013 -1.5640661720575302
-0.5028072921585647 0.013020435943389754
-0.2848102241864904 0.5518100230826232
-0.48332971575337025 0.0662950727873196
-0.5517980862447389 -0.12404761948638644
-0.36574840969352196 0.3683087598030417
-0.5061791093794714 0.0037859958165519683
-1.0723266290824967 -1.4607945165156562
-0.10340497272255433 0.8749056263529005
-1.0679668477804045 -1.454201980091714
-0.19301702877207205 0.731520815490963
-0.24071258210266944 0.6420244955909575
-0.5245450333069966 -0.047161958351383815
-0.5492252261287426 -0.11667849193015507
-0.4716384659575378 0.0979358001007663
-0.006229059877604137 0.9936132586890382
-0.8463979249122769 -0.9681298265138417
0.1539280015374742 1.1082534544026366
-0.1565372653300673 0.7936767536968488
-0.49064812033626526 0.04646118924845202
-0.6943263853482535 -0.5376374496615715
-0.3405553473340094 0.4278320107016812
-0.3225092929819803 0.4690141273818301
0.18291316865976925 1.1190690226627855
-0.5779484903355123 -0.19879771074761254
0.34094935190014586 1.135091055500545
0.04366629061102012 1.0398171899086461
0.46862234858516005 1.1118949650041345
0.46872837039878446 1.1118261747411042
0.16505184937304895 1.1127705431726231
0.26632146546439567 1.1358883480791706
0.2795864197385755 1.1366265687714592
0.4306838163351925 1.1208226912318426
-0.16505785727952493 0.7797892402846911
0.3032888634326039 1.1370549296552326
0.4713901290955615 1.1112791626406053
0.30594848239783357 1.1370393810752994
-0.18652830779003185 0.7429813312965401
0.38762317260408735 1.129199988579185
0.2403720728626372 1.132777452712032
0.18697740821875242 1.1204544904062255
0.4223993668181857 1.12258672103818
0.1529157973000081 1.1079459801184475
0.2446644727146175 1.1334842974160555
0.16685045386619848 1.1135876407023995
0.6620132170232641 1.0743679950155507
0.7722885877335622 1.0887052121544147
0.31369584767516695 1.1368469942043327
0.6094576249469978 1.0800127577506415
0.7367039148169685 1.0790160947545764
0.6469942529242955 1.0753409970120764
0.7261349266056578 1.077260275017635
0.4085831825185804 1.1252551062313632
0.8375027260480653 1.122405383632517
1.2585597775077186 2.2641640230095805
1.203576840971551 1.9860463184985533
0.5046721789659334 1.1030478603788147
0.6798909482430122 1.0737844300002224
1.1965938352794336 1.9542318948181274
1.293227065040932 2.466254168396394
0.9328018414726755 1.2201414648960982
1.3622258795137043 2.937049859240622
1.1601462981917963 1.8004059399824153
1.2808422177469745 2.391502679180884
1.3298448562076768 2.7043165818698824
1.358230852513272 2.9070751414456897
1.0737342439829745 1.5097471929945225
1.2948558566808344 2.4763524523156364
0.8660164474725343 1.145058837848354
1.1424269024681428 1.7326075722647103
1.2798486898255588 2.385769644817373
1.5579180658254548 4.855029470669256
1.3729014746368744 3.018516953182231
1.422234348419508 3.427182785510209
1.0612165235623066 1.4754578331697206
1.1772149655840498 1.8698632676184626
1.5640858126152237 4.931407173485724
1.6079199772675266 5.5071362359811005
1.4325944703563407 3.520107140182411
1.9266223114172698 11.664664145978714
2.054747861087316 15.32765097883177
1.3849722036217662 3.1135491853781683
1.7131582995450945 7.133097519098988
1.8202591221526352 9.182239320335349
1.7590783211046905 7.959822805791491
2.1038550015873247 16.946850433751404
1.311725901754624 2.5833374542289906
2.08904623889765 16.445332954195056
1.5777705983895778 5.1050980278749805
2.2557335251437762 22.796197264616676
2.348169442521434 27.039225174484173
1.9680936108642828 12.765586164883056
2.188604532981593 20.047097695011388
2.002058908336475 13.726503819660032
1.8369500752163748 9.540799566492435
1.5608234347828407 4.890808082433917
2.023052551358488 14.34801110969696
1.7823901752763693 8.40892448536336
2.372695754011735 28.25912327002426
2.5388698926636106 37.651406556575814
2.4509813444690387 32.432055829954145
2.5496153433197373 38.3302451682163
2.106676902023522 17.04358689499559
2.024568904649151 14.393873999631184
2.4904589628293285 34.70426358865345
1.8828268161845294 10.584952026226576
2.5192315449665723 36.43409416936465
1.9856635803008058 13.255769772895952
2.180410521637121 19.72968539669935
2.3217929308160903 25.772323307949506
2.712411671049474 49.77796566479591
2.0013646303232338 13.706353660402945
