-1.9637078407123503 3.669756982639587
-1.0600786300535159 -1.4419151221705406
-1.6512718678117742 -0.1707215159538416
-1.50925620918346 -1.022259835606446
-1.189092236977568 -1.5781887890431967
-1.4055763576975266 -1.379411311659825
-1.0065366153102133 -1.346365356037656
-1.2088799949116873 -1.58481953699309
-1.063153629972577 -1.4467409804589455
-1.3362111869908078 -1.5144829389226668
-1.1191510168700276 -1.522638448551769
-1.3782046455514976 -1.4417642330716525
-1.370090737894392 -1.4580720025718512
-0.7519328683670722 -0.7047223922973762
-0.6962367662975476 -0.5431599497864439
-0.8023643559464505 -0.8476250967624738
-0.5448275758920403 -0.10428083790679314
-1.2505793907412293 -1.5844055119501004
-0.8711654946679845 -1.033372766709079
-0.575361019133654 -0.19137517061424522
-0.8113188724958809 -0.8724725436477765
-1.2081032002367824 -1.5846742682955275
-1.2449984072385054 -1.5856621755500406
-0.41370785352028583 0.24963391585458922
-0.9075163752911853 -1.125529717653692
-0.9411016569318761 -1.205771739175534
-0.3524252178207219 0.3999194125711395
-0.3413106243240196 0.42609067043739524
-1.0153136590395588 -1.3633209043065384
-0.31963681440478864 0.4754915182126148
-0.9045360883263376 -1.1181713698174776
-0.2045352201534616 0.7106563855354461
-0.43061498995413205 0.20631127722910142
-0.11705602893435685 0.8552588528240482
-0.20342098718667878 0.7126872691398766
-0.6868643121879011 -0.5158005461499362
-0.4908670263231518 0.04577533703996562
-0.30021248444888526 0.5186112794774805
-0.704833927445514 -0.5683398464091655
-0.30571833711968455 0.506497200620927
-0.6263843810598899 -0.3391400239071319
-0.25159349652016016 0.6205001652718736
-0.3699910017294685 0.3579880009578423
-0.2262661710265974 0.6701318017094982
0.10804937324658048 1.0853028171324224
-0.5897129329511028 -0.23256545488344568
-0.07412202572208704 0.9148402657583923
-0.09995892121908867 0.8797684199901923
-0.041293392384940564 0.9552357562257484
-0.1548291701233805 0.7966121542660599
-0.4513367030077956 0.15213782430455614
-0.17976900444146443 0.7547350619980978
0.3512810220365093 1.1341026304462936
0.40845476129468106 1.1254290817040271
0.3113804672489431 1.1369812784430782
-0.08006319953469115 0.9069415867486424
0.6742842081357756 1.073841641594209
0.48549463810061677 1.1078249300593697
0.0814053109987829 1.0684293960603193
0.15830390546304704 1.1102190343974272
0.03411794844330179 1.0318854727627236
0.7629300035033335 1.0855442526067187
0.0355725503578862 1.0331153435100655
0.6571942712476084 1.0746189968498756
-0.012387264223925054 0.9872082371062351
-0.03333986166379684 0.9645219281858928
0.7520697379903064 1.0826228171781278
0.4067097836572353 1.1257365056275521
1.0185631578475387 1.3721874409247585
0.9808565179544827 1.2969084672764377
0.2068695763800672 1.1261309429918918
0.1773402893981354 1.117255301317956
0.9769492386830754 1.2898727074823289
1.124791568290802 1.6694109383505629
1.027906722321965 1.3931534880481364
0.7725795465362858 1.0887041707802696
0.9983972928831701 1.3301177446172048
1.2483403866097766 2.2085512263033165
1.236188058041788 2.1449021012444165
1.078945825375408 1.5245761541521696
1.226896647312799 2.0977906338063237
0.7378898701382421 1.0793524613916337
0.940845647491545 1.2315530812122126
0.8407777217462347 1.1247113931106678
1.1752433353045326 1.861693225772928
0.8061319815395629 1.1033421569136268
1.1005464232707807 1.5894620569281923
1.3778042814411928 3.056587493264853
0.7514898892188719 1.0823534503446874
0.7615699033590893 1.085229364513039
1.09494605408213 1.5720694392566503
1.490987931966731 4.091654465454072
1.2730927119925624 2.3462906891748765
1.4128533828838534 3.3452698305953623
1.1981725843707123 1.9612637540115596
1.5059681484592409 4.2520419878829445
1.5961708432081347 5.3473892060461035
1.729040373740912 7.410562587517533
1.1042566819372752 1.6012537122697108
1.5498365013121473 4.75641028282235
1.7882835808843787 8.52563503888076
1.643728376011778 6.020343205882349
1.1072383531457481 1.6108716875510596
1.4958641346921595 4.143312370142105
1.302000438863129 2.5210269094011744
1.3332874929950382 2.7280595959537646
1.6186784752314636 5.657112928489586
1.8889217196408348 10.730312942484545
2.126928118867988 17.751540497109257
1.701602138688108 6.936648441021341
2.1972816633664047 20.387400097178816
1.9798419240549219 13.091775722044463
2.004519215570471 13.798145847196857
1.8998760919409836 10.995314607922671
1.9364176600449263 11.91761424296409
1.5630680175577 4.9188342485612555
2.0187570104251127 14.219137896616909
1.8292310028601277 9.37355859985739
1.852011558568925 9.874165787294611
2.0385482892326756 14.820683903860832
2.6068390066888294 42.10087778679673
2.24041616726869 22.1451230740282
2.130362133096267 17.873695951264718
2.3582036152246593 27.533503547691023
2.2187493020217066 21.248347915171323
2.4616990852585223 33.03750572439994
1.9784452562594539 13.05263642747956
2.2870349523782716 24.171900952011445
2.2203995679629216 21.315721721007876
2.7671730155605765 54.14917824561126
2.6839117507968058 47.610273658881304
2.6920160243265756 48.219464521675995
2.421089612701658 30.787607317871053
